412.0850360391602
165.43949958454814
59.67868517208546
164.14040244597865
216.66867603249366
225.04163087693578
231.70127288781453
364.23759861856735
393.65063196804937
413.94152093315364
440.2851307712027
486.4595774418279
44.442570378952375
162.18613542203693
215.02390310502696
223.30276891577358
230.77734255260532
356.88509947380413
385.8927439931674
405.1635347844181
164.93366196396576
163.4216979730988
160.11632488899653
221.468679895967
353.1106874363063
376.23942352177454
398.0049845387196
393.45263410498194
417.32447154235405
478.93138201749775
MSE of Test Dataset under Adaptive DE Conjunctive BRB is 919.2435229554015